 360001 02 101000
           031002
 360002 02 101000
           031001
 360003 02 101000
           031001
 360004 02 101000
           031000
 361160 07 001016
           310026
           035200
           035201
           352001
           352003
           033215
 301011 03 004001
           004002
           004003
 301012 02 004004
           004005
 301021 02 005001
           006001
 304030 03 027031
           028031
           010031
 304031 03 001041
           001042
           001043
 310022 04 001007
           002019
           001033
           002172
 310026 45 310022
           025060
           008021
           301011
           301012
           201138
           202131
           004006
           202000
           201000
           033039
           033007
           304030
           304031
           002020
           001050
           202127
           304030
           202000
           304031
           201133
           202131
           004016
           202000
           201000
           301021
           304030
           010035
           005021
           010036
           360001
           352100
           360001
           352102
           360001
           352103
           008003
           007009
           010004
           008023
           201120
           010004
           201000
           008023
           033007
 352001 05 035195
           035021
           035023
           035022
           035194
 352003 06 008202
           004200
           004201
           004202
           004203
           004204
 352100 05 301021
           005021
           360002
           352101
           033007
 352101 08 002121
           007040
           015037
           008023
           201125
           015037
           201000
           008023
 352102 08 007007
           015036
           008023
           201123
           015036
           201000
           008023
           033007
 361221 20 004001
           004002
           004003
           004004
           004005
           004006
           005002
           006002
           001007
           002019
           005043
           008012
           007024
           007025
           010001
           202127
           007002
           202000
           101020
           361182
 361222 20 004001
           004002
           004003
           004004
           004005
           004006
           005002
           006002
           001007
           002019
           005043
           008012
           007024
           007025
           010001
           202127
           007002
           202000
           101004
           361182
 361223 24 004001
           004002
           004003
           004004
           004005
           004006
           207002
           005002
           006002
           207000
           001007
           002019
           005043
           008012
           007024
           007025
           010001
           202127
           007002
           202000
           005022
           005021
           101015
           361171
 361224 24 004001
           004002
           004003
           004004
           004005
           004006
           207002
           005002
           006002
           207000
           001007
           002019
           005043
           008012
           007024
           007025
           010001
           202127
           007002
           202000
           005022
           005021
           101005
           361171
 361234 24 004001
           004002
           004003
           004004
           004005
           004006
           207002
           005002
           006002
           207000
           001007
           002019
           005043
           008012
           007024
           007025
           010001
           202127
           007002
           202000
           005022
           005021
           101005
           361171
 361245 24 004001
           004002
           004003
           004004
           004005
           004006
           207002
           005002
           006002
           207000
           001007
           002019
           005043
           008012
           007024
           007025
           010001
           202127
           007002
           202000
           005022
           005021
           101020
           361182
 356033 05 310011
           101015
           310012
           352001
           352003
 356034 05 310011
           101005
           310012
           352001
           352003
 356035 10 310011
           101019
           310012
           002150
           025079
           025080
           033032
           014045
           352001
           352003
 356036 05 310011
           101005
           310012
           352001
           352003
 361244 20 001007
           001031
           002020
           002028
           002029
           030021
           030022
           004001
           004002
           004003
           004004
           004005
           004006
           005002
           006002
           007024
           007025
           008012
           101006
           361191
 363194 05 310027
           001031
           001032
           101066
           362084
 363195 11 301072
           030021
           030022
           008012
           007024
           007025
           010002
           101012
           362068
           352001
           352003
 361246 21 004001
           004002
           004003
           004004
           004005
           202129
           201132
           004006
           201000
           202000
           005001
           006001
           001007
           201129
           005043
           201000
           007024
           007025
           020199
           101005
           350212
 361247 21 004001
           004002
           004003
           004004
           004005
           202129
           201132
           004006
           201000
           202000
           005001
           006001
           001007
           201129
           005043
           201000
           007024
           007025
           020199
           101005
           350212
 361248 21 004001
           004002
           004003
           004004
           004005
           202129
           201132
           004006
           201000
           202000
           005001
           006001
           001007
           201129
           005043
           201000
           007024
           007025
           020199
           101005
           350212
 361249 21 004001
           004002
           004003
           004004
           004005
           202129
           201132
           004006
           201000
           202000
           005001
           006001
           001007
           201129
           005043
           201000
           007024
           007025
           020199
           101005
           350212
 361227 24 004001
           004002
           004003
           004004
           004005
           004006
           207002
           005002
           006002
           207000
           001007
           002019
           005043
           008012
           007024
           007025
           010001
           202127
           007002
           202000
           005022
           005021
           101015
           361171
 350242 01 310025
 310060 43 001007
           001033
           002019
           002020
           301011
           301012
           207003
           004006
           207000
           304030
           301021
           007024
           005021
           007025
           005022
           008075
           201133
           005041
           201000
           005045
           005043
           005040
           010001
           201129
           007002
           201000
           202127
           201125
           021166
           201000
           202000
           008012
           020010
           020014
           002165
           033075
           101003
           350200
           008076
           033078
           033003
           360001
           350201
 310061 27 001007
           001033
           001034
           002019
           002020
           301011
           301012
           207003
           004006
           207000
           005040
           005041
           005043
           033079
           033080
           033078
           301021
           201129
           007002
           201000
           007024
           005021
           007025
           005022
           025075
           360001
           350206
 361207 45 001007
           001031
           002019
           002020
           004001
           004002
           004003
           004004
           004005
           202131
           201138
           004006
           201000
           202000
           005001
           006001
           007024
           005021
           007025
           005022
           005043
           005040
           201133
           005041
           201000
           201132
           025070
           201000
           202126
           007001
           202000
           033060
           033061
           033062
           033063
           033064
           033065
           101010
           340002
           360001
           361137
           002019
           025051
           101007
           340004
 350243 01 310050
 350250 01 310050
 350251 01 310009
 350252 01 310010
 350253 01 310055
 350254 06 310051
           310052
           101012
           361193
           101004
           361194
 361233 01 310050
 301013 03 004004
           004005
           004006
 301071 05 001007
           001031
           002020
           002028
           002029
 301072 04 301071
           301011
           301013
           301021
 304035 15 002153
           002154
           012063
           008001
           012063
           008001
           012063
           008001
           008003
           012063
           008003
           012063
           008003
           012063
           008003
 304036 12 020082
           008012
           020082
           008012
           020081
           008003
           020081
           008003
           020081
           008003
           020081
           008003
 310009 03 310011
           101015
           310012
 310010 03 310011
           101005
           310012
 310011 45 008070
           001033
           001034
           008070
           001033
           001034
           001007
           002048
           005040
           025075
           201133
           005041
           201000
           005043
           025070
           033030
           033031
           004001
           004002
           004003
           004004
           004005
           202131
           201138
           004006
           201000
           202000
           005001
           006001
           202126
           007001
           202000
           007024
           005021
           007025
           005022
           033033
           002151
           012064
           002151
           012064
           002151
           012064
           002151
           012064
 310012 10 002150
           025076
           025077
           025078
           033032
           201132
           202129
           012063
           202000
           201000
 310025 41 001007
           008021
           004001
           004002
           004003
           004004
           004005
           201138
           202131
           004006
           202000
           201000
           201132
           005041
           201000
           201129
           005043
           201000
           005002
           006002
           013040
           020029
           101024
           361135
           101003
           361118
           008021
           004001
           004002
           004003
           004004
           004005
           005040
           101003
           362087
           025054
           101004
           362088
           008007
           101028
           361119
 310027 12 301071
           301011
           301013
           301021
           030021
           030022
           010002
           304036
           002152
           002167
           101011
           304035
 310050 13 310051
           310052
           360001
           310053
           101004
           310054
           020010
           350202
           101015
           350203
           350204
           101005
           350205
 310051 15 001007
           005040
           201133
           005041
           201000
           201132
           025070
           201000
           202126
           007001
           202000
           007025
           005022
           101009
           350207
 310052 16 002019
           004001
           004002
           004003
           004004
           004005
           202131
           201138
           004006
           201000
           202000
           005001
           006001
           007024
           005021
           005043
 310053 06 201134
           005042
           201000
           025076
           033032
           012163
 310054 14 201134
           005042
           201000
           025076
           033032
           201131
           202129
           008023
           014027
           008023
           014027
           008023
           202000
           201000
 310055 06 310051
           310052
           101020
           350209
           360001
           350208
 340002 03 025140
           025141
           025142
 340004 05 005060
           005061
           025085
           101006
           361139
 350200 07 008076
           006029
           006029
           025140
           025141
           033076
           033077
 350201 04 201133
           005042
           201000
           014044
 350202 16 002019
           004001
           004002
           004003
           004004
           004005
           202131
           201138
           004006
           201000
           202000
           005001
           006001
           007024
           005021
           005043
 350203 06 201134
           005042
           201000
           025076
           033032
           012163
 350204 16 002019
           004001
           004002
           004003
           004004
           004005
           202131
           201138
           004006
           201000
           202000
           005001
           006001
           007024
           005021
           005043
 350205 06 201134
           005042
           201000
           025076
           033032
           012163
 350206 11 005042
           202131
           002153
           002154
           202000
           002104
           012066
           012163
           012158
           012159
           033081
 350207 02 002151
           012064
 350208 01 025050
 350209 02 025076
           025052
 350212 03 002150
           014027
           012163
 361118 15 004001
           004002
           004003
           201142
           202131
           004026
           202000
           201000
           005001
           006001
           201138
           202129
           007001
           202000
           201000
 361119 04 005002
           006002
           002111
           005021
 361135 04 005042
           012163
           021083
           021084
 361137 04 201136
           005042
           201000
           014046
 361139 05 005042
           025142
           014047
           025142
           014048
 361171 03 005042
           012163
           012206
 361182 02 005042
           012163
 361191 19 002152
           002166
           002167
           002153
           002154
           012075
           012076
           201132
           202129
           012063
           202000
           201000
           020081
           020082
           020012
           202129
           012065
           202000
           033007
 361193 06 201134
           005042
           201000
           025076
           033032
           012163
 361194 06 310052
           201129
           005043
           201000
           101002
           361193
 362068 13 002153
           002154
           020081
           020082
           020012
           002152
           002166
           002167
           012063
           012065
           033007
           101004
           362069
 362069 02 008033
           033007
 362084 01 033007
